% # columns="iteration, evaluation, min max(neg(.)) min(pos(.)) max correlation, correlation matrix principal axes lengths  (sorted square roots of eigenvalues of correlation matrix)", seed=149777, Fri Sep  5 14:59:40 2025
1 8 -0.15947255212598818 -0.03176715584002757 0.06076007131964285 0.09576030141049137 0.9090570125098646 0.9676956113868456 1.0121951175802313 1.1012000706756337
2 16 -0.15947236216889019 -0.03006483200375893 0.13959197061586698 0.14820961756580275 0.9090570125098646 0.9676956113868456 1.0121951175802313 1.1012000706756337
3 24 -0.06743085754127269 -0.060932100718715 0.1755223058995751 0.1897354776654411 0.9090570125098646 0.9676956113868456 1.0121951175802313 1.1012000706756337
4 32 -0.2408798122671219 -0.10825468223566088 0.06853628327450992 0.2062375408031062 0.9090570125098646 0.9676956113868456 1.0121951175802313 1.1012000706756337
5 40 -0.27683208724307606 -0.15136959226702673 0.08664657680310067 0.12347282358121994 0.8339075954535926 0.8943838537680788 1.0681243637497655 1.167812479779149
6 48 -0.3763963771081894 -0.33740834152610677 0.11766981103654409 0.2172076817868225 0.8339075954535926 0.8943838537680788 1.0681243637497655 1.167812479779149
7 56 -0.3504873729493058 -0.3501869792196398 0.18178451350187982 0.22257196648358443 0.8339075954535926 0.8943838537680788 1.0681243637497655 1.167812479779149
8 64 -0.4485325318410049 -0.33613444727541214 0.17785318324330437 0.3353158201050568 0.8339075954535926 0.8943838537680788 1.0681243637497655 1.167812479779149
9 72 -0.43011024714303686 -0.22618793102493945 0.151315452898991 0.28252363399586317 0.7171603540323236 0.8844826031693528 1.0333108630164716 1.2789215033250292
10 80 -0.3758117738118858 -0.14246398400703358 0.17901080678321965 0.21335466086775925 0.7171603540323236 0.8844826031693528 1.0333108630164716 1.2789215033250292
11 88 -0.4609077606313659 -0.08510701841795057 0.20362455356212245 0.25567410503909516 0.7171603540323236 0.8844826031693528 1.0333108630164716 1.2789215033250292
12 96 -0.5466931336894669 -0.03424761890404639 0.18634712602562042 0.19044944803713337 0.7171603540323236 0.8844826031693528 1.0333108630164716 1.2789215033250292
13 104 -0.6068345673629923 -0.036006306206460705 0.15710196214970618 0.2832832223063771 0.5514616970680872 0.9180520445673997 1.0807715274075673 1.2980767872809054
14 112 -0.6156632800990075 -0.18429728804499 0.15563020893818535 0.3403544851132426 0.5514616970680872 0.9180520445673997 1.0807715274075673 1.2980767872809054
15 120 -0.6177200580360619 -0.1934865370664517 0.17571659168026132 0.271467428733604 0.5514616970680872 0.9180520445673997 1.0807715274075673 1.2980767872809054
16 128 -0.5524912879762675 -0.2081296865254837 0.16555836264786067 0.2852181671951085 0.5514616970680872 0.9180520445673997 1.0807715274075673 1.2980767872809054
17 136 -0.453127643138828 -0.1238060448546707 0.14929069054359523 0.28649649900079593 0.7117829042222455 0.8776228995091269 1.0593204227987043 1.2652997215504762
18 144 -0.37577691696538357 -0.13482673888871774 0.19073750765009817 0.243054789203397 0.7117829042222455 0.8776228995091269 1.0593204227987043 1.2652997215504762
19 152 -0.3453979931612849 -0.02564191634808998 0.1552725298671367 0.18170223044431913 0.7117829042222455 0.8776228995091269 1.0593204227987043 1.2652997215504762
20 160 -0.31353308314084266 -0.04237101460369988 0.1932420933850202 0.35558386355035226 0.7117829042222455 0.8776228995091269 1.0593204227987043 1.2652997215504762
21 168 -0.279882921370898 -0.05599916566446024 0.14991643265485918 0.33758418281535607 0.7004168251045034 0.9830681177359939 1.064086630102614 1.1877343939780478
22 176 -0.1495784086986474 -0.05238390612424908 0.21127682271613143 0.4773406425946909 0.7004168251045034 0.9830681177359939 1.064086630102614 1.1877343939780478
23 184 -0.18167667588819325 -0.09487759629770627 0.2884457877534642 0.39575053194221627 0.7004168251045034 0.9830681177359939 1.064086630102614 1.1877343939780478
24 192 0.002396409604951254 0.024642951251688788 0.3464637113825513 0.4756490717717091 0.7004168251045034 0.9830681177359939 1.064086630102614 1.1877343939780478
25 200 -0.0021887049463594475 0.08152278142918021 0.34210903319417474 0.38443587881350255 0.69085150451006 0.861956718015185 1.0255297117227806 1.31455073137497
26 208 0.02111007973714299 0.07441955492245063 0.32191286853414897 0.39714333309277405 0.69085150451006 0.861956718015185 1.0255297117227806 1.31455073137497
27 216 0.008403841067296082 0.08114003989321882 0.32420741581951623 0.3689626438370259 0.69085150451006 0.861956718015185 1.0255297117227806 1.31455073137497
28 224 -0.11184556431316595 -0.07601883661551354 0.2673638042426609 0.28120011890823626 0.69085150451006 0.861956718015185 1.0255297117227806 1.31455073137497
29 232 -0.03020379667851987 -0.005100717327597742 0.24881598027967214 0.2715401890133957 0.7636745878533994 0.9555633657680183 1.0265109938095665 1.2041490594843873
30 240 -0.09476780576317276 -0.036034758225602606 0.16827928577344362 0.2723334766460895 0.7636745878533994 0.9555633657680183 1.0265109938095665 1.2041490594843873
31 248 -0.10612030000347415 -0.06964699248494918 0.20741293744224734 0.37691357516792356 0.7636745878533994 0.9555633657680183 1.0265109938095665 1.2041490594843873
32 256 -0.16906453673657842 -0.07499039046789438 0.3033793802732494 0.3126888745262083 0.7636745878533994 0.9555633657680183 1.0265109938095665 1.2041490594843873
33 264 -0.14339392281603172 -0.13407233723245615 0.35343183683901586 0.41891000490836144 0.5571309509628655 0.9888754364926088 1.092578636034411 1.2320723999270298
34 272 -0.2759720392547865 -0.15732720720576768 0.3085201519720112 0.3731037239980622 0.5571309509628655 0.9888754364926088 1.092578636034411 1.2320723999270298
35 280 -0.2543885908426507 -0.17923401233527608 0.2640635262036101 0.3752296102786161 0.5571309509628655 0.9888754364926088 1.092578636034411 1.2320723999270298
36 288 -0.261612411779746 -0.2286573536755525 0.3699880532693385 0.37766899144534527 0.5571309509628655 0.9888754364926088 1.092578636034411 1.2320723999270298
37 296 -0.34490941134129466 -0.23101702658732956 0.2166891930915176 0.33347551590650615 0.6684553258068489 0.8925598981458309 1.0954736135689607 1.247574393612071
38 304 -0.3830685661051893 -0.24730877100148874 0.18832657655412174 0.270980897901783 0.6684553258068489 0.8925598981458309 1.0954736135689607 1.247574393612071
39 312 -0.6079580809435448 -0.2164763608135912 0.13670511245137779 0.3879076413996466 0.6684553258068489 0.8925598981458309 1.0954736135689607 1.247574393612071
40 320 -0.5921023475145957 -0.27897570571102 0.1767217855841918 0.3953481968458238 0.6684553258068489 0.8925598981458309 1.0954736135689607 1.247574393612071
41 328 -0.5313239149325127 -0.38656597745669635 0.12535292973823017 0.3506420462959581 0.662411522640639 0.7811851045397059 1.020513090912398 1.3818515978188912
42 336 -0.6017078089700033 -0.3532209289313789 0.1118301037605859 0.3983163702925939 0.662411522640639 0.7811851045397059 1.020513090912398 1.3818515978188912
43 344 -0.5533840783006138 -0.3913192086624179 0.09451972148162685 0.5217693771186328 0.662411522640639 0.7811851045397059 1.020513090912398 1.3818515978188912
44 352 -0.5789392729800356 -0.3109983245263925 0.20104452946492404 0.4733817606984893 0.662411522640639 0.7811851045397059 1.020513090912398 1.3818515978188912
45 360 -0.5252274911339834 -0.3241105140236948 0.30776795277648294 0.5231267358457548 0.5862130938389106 0.8505254242873223 0.9185844621181192 1.4453938208003552
46 368 -0.5010690398770146 -0.24393751069646655 0.18996421071099018 0.5625205642843347 0.5862130938389106 0.8505254242873223 0.9185844621181192 1.4453938208003552
47 376 -0.5239814882486029 -0.29334021820895456 0.19210948360320265 0.5905121545406343 0.5862130938389106 0.8505254242873223 0.9185844621181192 1.4453938208003552
48 384 -0.5090250844464881 -0.3710986715693775 0.2593255519609108 0.6687059130250558 0.5862130938389106 0.8505254242873223 0.9185844621181192 1.4453938208003552
49 392 -0.6482492144040107 -0.4656451651779668 0.10332598017276313 0.7086497164688434 0.485137465902376 0.6953464836832687 0.9780733310850778 1.524633551325457
50 400 -0.7014764267253791 -0.5801295533690746 0.03260119169824141 0.7561422742454621 0.485137465902376 0.6953464836832687 0.9780733310850778 1.524633551325457
51 408 -0.72587162976177 -0.6403941493837868 0.21904564770706778 0.7963327727412006 0.485137465902376 0.6953464836832687 0.9780733310850778 1.524633551325457
52 416 -0.6970688763074145 -0.5823033582004166 0.3115715078095631 0.767876155797688 0.485137465902376 0.6953464836832687 0.9780733310850778 1.524633551325457
53 424 -0.6459587882401756 -0.5442999861751854 0.09410290342599592 0.7891154087920139 0.38167657038422165 0.6163648261039024 0.9690801061941566 1.592262900572756
54 432 -0.651439031575487 -0.5625304475914291 0.12227225833163305 0.7747113602201477 0.38167657038422165 0.6163648261039024 0.9690801061941566 1.592262900572756
55 440 -0.6311436703985527 -0.6158869044396944 0.1290365214346783 0.7860541946087316 0.38167657038422165 0.6163648261039024 0.9690801061941566 1.592262900572756
56 448 -0.6771902836357497 -0.6321483902368429 0.18663216668717394 0.7896110124633207 0.38167657038422165 0.6163648261039024 0.9690801061941566 1.592262900572756
57 456 -0.6739198159832543 -0.6064998111074243 0.07663021006958962 0.8445256760048765 0.2976637844891927 0.549881937323907 0.9768033511139746 1.629380661374434
58 464 -0.7000507237876131 -0.6871811297606483 0.16180361008382682 0.8804818435152325 0.2976637844891927 0.549881937323907 0.9768033511139746 1.629380661374434
59 472 -0.6706953920254718 -0.6528235837510024 0.11120535457494733 0.8829076098953045 0.2976637844891927 0.549881937323907 0.9768033511139746 1.629380661374434
60 480 -0.6961349753881492 -0.6372487134770737 0.1789214976542826 0.8881705505088966 0.2976637844891927 0.549881937323907 0.9768033511139746 1.629380661374434
61 488 -0.685442281549796 -0.5922520408507953 0.028534287923960195 0.8333392346795668 0.2930070867290191 0.5739538297962511 1.0169265179382685 1.5970548849375017
62 496 -0.6647323911631061 -0.5939875702106653 0.036160590879040146 0.8241128892088503 0.2930070867290191 0.5739538297962511 1.0169265179382685 1.5970548849375017
63 504 -0.7732710140258343 -0.7423994623534064 0.2851970463458113 0.8770877596243932 0.2930070867290191 0.5739538297962511 1.0169265179382685 1.5970548849375017
64 512 -0.781682473942657 -0.740023702880087 0.3550308419069256 0.9124904865672748 0.2930070867290191 0.5739538297962511 1.0169265179382685 1.5970548849375017
65 520 -0.7747954848688142 -0.7305466017853712 0.34227785531311344 0.8985677228822925 0.22012245425163546 0.4780761543096785 0.8281367994399927 1.7427503370328146
66 528 -0.7698619114538706 -0.6729313883987871 0.3727489568442709 0.8952099949791883 0.22012245425163546 0.4780761543096785 0.8281367994399927 1.7427503370328146
67 536 -0.7931320760338066 -0.6537357945735556 0.3772640362385626 0.8972187476353649 0.22012245425163546 0.4780761543096785 0.8281367994399927 1.7427503370328146
68 544 -0.7843474588734309 -0.6005875104162142 0.25793329047368396 0.8999018349501546 0.22012245425163546 0.4780761543096785 0.8281367994399927 1.7427503370328146
69 552 -0.7846253425229671 -0.5977946830725571 0.26926510494440353 0.9020946930486301 0.23637820111438243 0.5674950045620117 0.8690455721998243 1.6931729265715807
70 560 -0.8055729689897283 -0.6404620056887049 0.3245469950960081 0.9205013858082083 0.23637820111438243 0.5674950045620117 0.8690455721998243 1.6931729265715807
71 568 -0.8311513849361104 -0.6538685960475495 0.3010512585375146 0.9212404881732631 0.23637820111438243 0.5674950045620117 0.8690455721998243 1.6931729265715807
72 576 -0.8404021339075245 -0.573405430667307 0.17897706114744227 0.8712184499801044 0.23637820111438243 0.5674950045620117 0.8690455721998243 1.6931729265715807
73 584 -0.8723878398678108 -0.6518205170201077 0.23308609228959118 0.9053024153328075 0.16116907087203688 0.5234754209098098 0.9046973994666301 1.6975042355457788
74 592 -0.8441560933306272 -0.6151844245377981 0.12254167259167065 0.9098387324716186 0.16116907087203688 0.5234754209098098 0.9046973994666301 1.6975042355457788
75 600 -0.8578059490358256 -0.5972679854990924 0.0017502788074780064 0.8883314864270699 0.16116907087203688 0.5234754209098098 0.9046973994666301 1.6975042355457788
76 608 -0.8861107384692114 -0.7003738704119508 0.22300464888779128 0.9307791933632619 0.16116907087203688 0.5234754209098098 0.9046973994666301 1.6975042355457788
77 616 -0.8994272508915632 -0.7007030327046944 0.24055025676346614 0.9201326005029917 0.12794467951824834 0.3683816334982136 0.9021609406767075 1.741846941668951
78 624 -0.8981361978480703 -0.7122836371608251 0.1993315156573552 0.9248058054219264 0.12794467951824834 0.3683816334982136 0.9021609406767075 1.741846941668951
79 632 -0.9032516183805581 -0.7442326526587314 0.22951152141254888 0.931406778620972 0.12794467951824834 0.3683816334982136 0.9021609406767075 1.741846941668951
80 640 -0.918578319896944 -0.7593200310795054 0.19340978184481702 0.9229718110309061 0.12794467951824834 0.3683816334982136 0.9021609406767075 1.741846941668951
81 648 -0.9128385231729382 -0.7511142693108603 0.18825629308113295 0.9257466569081949 0.14104741676894003 0.4648717147976826 0.949364513822727 1.691953585326148
82 656 -0.9059991594158552 -0.7305691287130617 0.13844027854843605 0.9139689656704006 0.14104741676894003 0.4648717147976826 0.949364513822727 1.691953585326148
83 664 -0.8917317703495865 -0.7086631406585452 0.16425370515465493 0.9150648514192088 0.14104741676894003 0.4648717147976826 0.949364513822727 1.691953585326148
84 672 -0.8763706313367671 -0.7071182725597023 0.1321418848156315 0.924074012607683 0.14104741676894003 0.4648717147976826 0.949364513822727 1.691953585326148
85 680 -0.8921419842865075 -0.7627777467484096 0.09412264516418385 0.9379065895192615 0.15169683145389493 0.4896645092507679 0.9968446152338435 1.656356710611076
86 688 -0.8856247025642905 -0.7427081088137958 0.079393300106569 0.9233099058821141 0.15169683145389493 0.4896645092507679 0.9968446152338435 1.656356710611076
87 696 -0.8724151001889149 -0.7234243083530327 0.05151901808428545 0.9268048035682414 0.15169683145389493 0.4896645092507679 0.9968446152338435 1.656356710611076
88 704 -0.8695373117827292 -0.713746381597285 0.10891585613772475 0.9338252678856556 0.15169683145389493 0.4896645092507679 0.9968446152338435 1.656356710611076
89 712 -0.8790678579756313 -0.7267142270504482 0.21283856842175053 0.9375551400626978 0.14086944340079455 0.5264537268971758 0.9814337111493379 1.6552311451793262
90 720 -0.8543673517810486 -0.7171007420507934 0.13276350516238666 0.9431670302772872 0.14086944340079455 0.5264537268971758 0.9814337111493379 1.6552311451793262
91 728 -0.8689694512205871 -0.7666425384010728 0.20120477783222954 0.9589973211333205 0.14086944340079455 0.5264537268971758 0.9814337111493379 1.6552311451793262
92 736 -0.8833272156902627 -0.7853311210409993 0.21870892686323104 0.9670372391458423 0.14086944340079455 0.5264537268971758 0.9814337111493379 1.6552311451793262
93 744 -0.8944400917777657 -0.8066128678780339 0.30103404208142315 0.9751993620766856 0.0908692481591491 0.451552937986933 0.9452781018982419 1.7012618945964835
94 752 -0.8559741103500851 -0.7239994003417415 0.2548016380058909 0.9622823715473235 0.0908692481591491 0.451552937986933 0.9452781018982419 1.7012618945964835
95 760 -0.8485058305577966 -0.7323694964121064 0.28384222748330845 0.9660862371716168 0.0908692481591491 0.451552937986933 0.9452781018982419 1.7012618945964835
96 768 -0.8514149067403574 -0.6986071182020441 0.41343461002956267 0.9566970512521408 0.0908692481591491 0.451552937986933 0.9452781018982419 1.7012618945964835
97 776 -0.8575940432879643 -0.7074876848274003 0.4804396240718694 0.9587235212861287 0.09572996998937602 0.5294531445777121 0.8456869805287781 1.7307017858391212
98 784 -0.8277994305387377 -0.6670973111265612 0.48269282361911053 0.9594948794285367 0.09572996998937602 0.5294531445777121 0.8456869805287781 1.7307017858391212
99 792 -0.8530072738031749 -0.6877295761696034 0.479927515276588 0.95459628734114 0.09572996998937602 0.5294531445777121 0.8456869805287781 1.7307017858391212
100 800 -0.840142667292156 -0.7129133279937511 0.5045731118771197 0.9403355122110645 0.09572996998937602 0.5294531445777121 0.8456869805287781 1.7307017858391212
101 808 -0.7976390611175767 -0.6204042490854929 0.3715282665273223 0.939322681179354 0.10160168642386991 0.49197390387393025 0.9722277659692458 1.674040604734939
102 816 -0.8141491408936159 -0.6591288609663623 0.4412721803524538 0.9455372158533327 0.10160168642386991 0.49197390387393025 0.9722277659692458 1.674040604734939
